1741069906934 0.0 0
1741072676260 1.0 1
1741075445624 2.0 2
1741078182069 3.0 3
1741080927110 4.0 4
1741083635854 5.0 5
1741086365522 6.0 6
1741089086737 7.0 7
1741091801433 8.0 8
1741094515412 9.0 9
1741097233999 10.0 10
1741099975300 11.0 11
1741102705692 12.0 12
1741105438083 13.0 13
1741108200605 14.0 14
1741110927436 15.0 15
1741113672592 16.0 16
1741116420761 17.0 17
1741119149120 18.0 18
1741121873007 19.0 19
1741124588393 20.0 20
1741127304164 21.0 21
1741130015696 22.0 22
1741132737722 23.0 23
1741135457848 24.0 24
1741138186680 25.0 25
1741140922571 26.0 26
1741143667846 27.0 27
1741146415538 28.0 28
1741149169409 29.0 29
