1741069906935 28598590.0 0
1741072676261 28598590.0 1
1741075445625 28598590.0 2
1741078182070 28598590.0 3
1741080927111 28598590.0 4
1741083635854 28598590.0 5
1741086365523 28598590.0 6
1741089086737 28598590.0 7
1741091801434 28598590.0 8
1741094515413 28598590.0 9
1741097234000 28598590.0 10
1741099975301 28598590.0 11
1741102705692 28598590.0 12
1741105438084 28598590.0 13
1741108200606 28598590.0 14
1741110927436 28598590.0 15
1741113672593 28598590.0 16
1741116420762 28598590.0 17
1741119149121 28598590.0 18
1741121873008 28598590.0 19
1741124588394 28598590.0 20
1741127304165 28598590.0 21
1741130015697 28598590.0 22
1741132737722 28598590.0 23
1741135457849 28598590.0 24
1741138186681 28598590.0 25
1741140922572 28598590.0 26
1741143667846 28598590.0 27
1741146415539 28598590.0 28
1741149169410 28598590.0 29
