1741069906926 3.635870170851739 0
1741072676252 3.424560521551364 1
1741075445616 3.357697974506328 2
1741078182061 3.321712207552388 3
1741080927102 3.2955339228292164 4
1741083635846 3.2719626384828207 5
1741086365513 3.2636252066119016 6
1741089086729 3.2444191116640133 7
1741091801424 3.2408144526797042 8
1741094515403 3.239405450536955 9
1741097233991 3.232686354316396 10
1741099975290 3.2147272086615186 11
1741102705684 3.217096481927865 12
1741105438074 3.21436357779278 13
1741108200595 3.211491462239306 14
1741110927426 3.2080418687584777 15
1741113672583 3.2254419108088928 16
1741116420751 3.220463161691011 17
1741119149112 3.2215043183365504 18
1741121873000 3.217033407414893 19
1741124588386 3.217681617521458 20
1741127304157 3.2252558540526053 21
1741130015688 3.22561086652924 22
1741132737714 3.2327473628208887 23
1741135457840 3.227769024360428 24
1741138186670 3.231551623756556 25
1741140922563 3.226081911084368 26
1741143667836 3.2240277978954173 27
1741146415528 3.2224770365573234 28
1741149169400 3.2323881600031275 29
