1741069906928 0.061563190095853225 0
1741072676254 0.03499044739027254 1
1741075445618 0.02888587262360662 2
1741078182063 0.023617773696685843 3
1741080927104 0.018860264400640564 4
1741083635847 0.015500226615051788 5
1741086365514 0.013501971371860957 6
1741089086730 0.01216344165124369 7
1741091801426 0.011180107996276858 8
1741094515405 0.01076979054047554 9
1741097233993 0.010135356996675905 10
1741099975292 0.009715954004037212 11
1741102705685 0.009537740115568323 12
1741105438075 0.009197480996635532 13
1741108200597 0.009044507284672725 14
1741110927428 0.008978956915335068 15
1741113672585 0.008840785550604368 16
1741116420753 0.0087131188243238 17
1741119149114 0.00875739992048936 18
1741121873001 0.008500162141600834 19
1741124588387 0.008438753999875332 20
1741127304158 0.008351216180220783 21
1741130015690 0.00846354470803876 22
1741132737716 0.008407611237689227 23
1741135457842 0.008215698600713377 24
1741138186672 0.008295877013853654 25
1741140922564 0.008162037519180243 26
1741143667838 0.008007963049052899 27
1741146415530 0.007920718639951542 28
1741149169402 0.007963237093138273 29
