1741069906931 4.346177114416465 0
1741072676257 3.931081821997579 1
1741075445620 3.8112972399992624 2
1741078182066 3.745581987485897 3
1741080927107 3.6958875293068463 4
1741083635850 3.6563517657293976 5
1741086365518 3.636837394665376 6
1741089086733 3.608217707265624 7
1741091801429 3.6002023636246565 8
1741094515408 3.5975014082104755 9
1741097233996 3.585827074271979 10
1741099975296 3.56347494874355 11
1741102705688 3.566538349991079 12
1741105438079 3.5639207912005966 13
1741108200601 3.558884156169556 14
1741110927431 3.5568384364437904 15
1741113672588 3.577223956632576 16
1741116420757 3.5739341039451764 17
1741119149116 3.5772645552452804 18
1741121873004 3.5723281128824853 19
1741124588390 3.5754647404729702 20
1741127304161 3.5857793945047876 21
1741130015693 3.5885795291057594 22
1741132737718 3.5979192059317366 23
1741135457845 3.5910770751649053 24
1741138186676 3.5963710964285878 25
1741140922567 3.5906364500022336 26
1741143667841 3.5877335771834917 27
1741146415534 3.585111072952513 28
1741149169405 3.59663380845059 29
