1741069906930 0.874755066075771 0
1741072676256 0.858823833089295 1
1741075445620 0.8533859146888451 2
1741078182065 0.8481826880763618 3
1741080927106 0.8429694594882375 4
1741083635850 0.8389031648617997 5
1741086365517 0.8362620809881521 6
1741089086733 0.834398728161812 7
1741091801428 0.8329565225274776 8
1741094515407 0.8323390153731755 9
1741097233995 0.8313471980386977 10
1741099975295 0.8306702654674757 11
1741102705687 0.8303925905742948 12
1741105438078 0.8298294016217395 13
1741108200600 0.8295683313509543 14
1741110927430 0.8294728998062041 15
1741113672587 0.829230531963775 16
1741116420756 0.8290074355423832 17
1741119149116 0.8290996633970337 18
1741121873003 0.8286658468381535 19
1741124588389 0.8285708870205709 20
1741127304160 0.8284214298835666 21
1741130015692 0.8286112844944 22
1741132737718 0.8285171214631087 23
1741135457844 0.8281928366042679 24
1741138186675 0.8283188265207098 25
1741140922567 0.8280874522660466 26
1741143667841 0.8278108506346588 27
1741146415533 0.8276663535742832 28
1741149169404 0.8277437654253152 29
