1741069906927 0.04592829484481932 0
1741072676253 0.01868707330795645 1
1741075445617 0.016483571502468663 2
1741078182062 0.015073685904128773 3
1741080927103 0.014149529781604043 4
1741083635847 0.012745448170543584 5
1741086365514 0.011706656347139464 6
1741089086730 0.01092028809527734 7
1741091801425 0.010107742141013582 8
1741094515404 0.009589446824347172 9
1741097233992 0.009112977950272041 10
1741099975291 0.00888520531733405 11
1741102705684 0.008400696757908197 12
1741105438075 0.00833533558275474 13
1741108200596 0.008055058368805537 14
1741110927427 0.008022031841165334 15
1741113672584 0.007776736749892981 16
1741116420752 0.007724536448963907 17
1741119149113 0.007716227223221727 18
1741121873000 0.00745961404001012 19
1741124588386 0.007353689362957358 20
1741127304157 0.007308502179273828 21
1741130015689 0.007285592761655657 22
1741132737715 0.0071738796779695305 23
1741135457841 0.007237832873992117 24
1741138186671 0.007052530131206366 25
1741140922564 0.0070371601306148425 26
1741143667837 0.006969886241150074 27
1741146415529 0.007031636739041371 28
1741149169401 0.007000118191130638 29
