1741069906924 1.000000000000093e-05 0
1741072676249 1.000000000000093e-05 1
1741075445613 1.2999999999999437e-05 2
1741078182060 1.6000000000001087e-05 3
1741080927101 1.9000000000001417e-05 4
1741083635844 2.1999999999997987e-05 5
1741086365511 2.339230484541081e-05 6
1741089086727 2.270820393250225e-05 7
1741091801422 2.19177379057298e-05 8
1741094515401 2.1029567276304467e-05 9
1741097233990 2.0053423027508713e-05 10
1741099975288 1.9000000000001417e-05 11
1741102705682 1.7880839716908893e-05 12
1741105438072 1.6708203932499976e-05 13
1741108200593 1.5494940289813396e-05 14
1741110927423 1.4254341559211759e-05 15
1741113672581 1.2999999999999437e-05 16
1741116420749 1.1745658440788482e-05 17
1741119149110 1.0505059710187468e-05 18
1741121872998 9.291796067500078e-06 19
1741124588384 8.119160283090697e-06 20
1741127304155 7.000000000000059e-06 21
1741130015687 5.946576972490346e-06 22
1741132737712 4.970432723693659e-06 23
1741135457838 4.082262094271314e-06 24
1741138186668 3.2917960675006983e-06 25
1741140922561 2.607695154586637e-06 26
1741143667834 2.037454508288649e-06 27
1741146415527 1.5873218044580787e-06 28
1741149169398 1.26222879119441e-06 29
