1741069906930 0.23758052462275675 0
1741072676255 0.18994638415576098 1
1741075445619 0.1744093488113468 2
1741078182064 0.16572371914165376 3
1741080927105 0.15864901320984978 4
1741083635849 0.1540938900715912 5
1741086365516 0.1511943655771216 6
1741089086732 0.14825036380958143 7
1741091801427 0.14765697973203376 8
1741094515407 0.14759366272082872 9
1741097233994 0.14616599894887347 10
1741099975294 0.14538220749337147 11
1741102705687 0.1455594803419539 12
1741105438077 0.14514926534152026 13
1741108200599 0.1452760519690627 14
1741110927429 0.1455481249677519 15
1741113672586 0.14691520959464946 16
1741116420755 0.14739715817609994 17
1741119149115 0.1480086225868135 18
1741121873002 0.14774612998433537 19
1741124588388 0.14868102776858924 20
1741127304159 0.149207401129199 21
1741130015691 0.14984722633426972 22
1741132737717 0.15081188457569095 23
1741135457843 0.14995610504206433 24
1741138186674 0.1507350353443687 25
1741140922566 0.15082133397442116 26
1741143667840 0.15057596104624543 27
1741146415532 0.1502989637561226 28
1741149169403 0.1508984546393728 29
