1741069906929 0.36523490656743485 0
1741072676254 0.26289736269433484 1
1741075445618 0.23382044538965732 2
1741078182064 0.21945457943237956 3
1741080927105 0.20869478050040172 4
1741083635848 0.20204954256089946 5
1741086365515 0.1968091753829601 6
1741089086731 0.19246448580842676 7
1741091801427 0.1904430616630999 8
1741094515406 0.19014303792222625 9
1741097233994 0.18772636768895742 10
1741099975293 0.18476435393288576 11
1741102705686 0.18594393253380018 12
1741105438076 0.18687510933856563 13
1741108200598 0.1850170566053461 14
1741110927429 0.18624743380320283 15
1741113672586 0.1882492950439995 16
1741116420754 0.18963610980720025 17
1741119149114 0.19127796725913448 18
1741121873002 0.1915887786258983 19
1741124588388 0.19330963260102585 20
1741127304159 0.19565640146573104 21
1741130015691 0.19737227955203263 22
1741132737716 0.1987784472787358 23
1741135457842 0.19789839393163708 24
1741138186673 0.19873601088872095 25
1741140922565 0.19853398770553252 26
1741143667839 0.1981519488606611 27
1741146415531 0.19738269687316073 28
1741149169402 0.19838381938369784 29
